image: deckTop.pgm
resolution: 0.250000
origin: [-150.125000, -150.125000, 0.000000]
negate: 0
occupied_thresh: 0.65
free_thresh: 0.196

